0
7
25
51
82
115
152
190
230
270
312
354
398
441
484
528
572
616
661
706
751
796
840
880
914
941
962
977
987
994
998
999
999
999
999
999
999
999
999
999
999
999
999
999
999
999
999
999
999
999
999
999
999
999
999
999
999
999
999
999
999
999
999
999
999
999
999
999
999
999
999
999
999
999
999
999
999
999
999
999
999
999
999
999
999
999
999
999
999
999
999
999
999
999
999
999
999
999
999
999
999
999
999
999
999
999
999
999
999
999
999
999
999
999
999
999
999
999
999
999
999
999
999
999
999
999
999
999
999
999
999
999
999
999
999
999
999
999
999
999
999
999
999
999
999
999
999
999
999
999
999
999
999
999
999
999
999
999
999
999
999
999
999
999
999
999
999
999
999
999
999
999
999
999
999
999
999
999
999
999
999
999
999
999
999
999
999
999
999
999
999
999
999
999
999
999
999
999
999
999
999
1006
1026
1053
1086
1122
1162
1203
1246
1289
1333
1378
1423
1469
1515
1561
1607
1654
1701
1747
1794
1840
1882
1918
1947
1970
1987
2000
2009
2014
2015
2015
2015
2015
2015
2015
2015
2015
2015
2015
2015
2015
2015
2015
2015
2015
2015
2015
2015
2015
2015
2015
2015
2015
2015
2015
2015
2015
2015
2015
2015
2015
2015
2015
2015
2015
2015
2015
2015
2015
2015
2015
2015
2015
2015
2015
2015
2015
2015
2015
2015
2015
2015
2015
2015
2015
2015
2015
2015
2015
2015
2015
2015
2015
2015
2015
2015
2015
2015
2015
2015
2015
2015
2015
2015
2015
2015
2015
2015
2015
2015
2015
2015
2015
2015
2015
2015
2015
2015
2015
2015
2015
2015
2015
2015
2015
2015
2015
2015
2015
2015
2015
2015
2015
2015
2015
2015
2015
2015
2015
2015
2015
2015
2015
2015
2015
2015
2015
2015
2015
2015
2015
2015
2015
2015
2015
2015
2015
2015
2015
2015
2015
2015
2015
2015
2015
2015
2015
2015
2015
2015
2015
2015
2015
2015
2015
2015
2015
2015
2015
2015
2015
2015
2015
2015
2015
2015
2015
2015
2015
2015
2015
2015
2015
2015
2015
2015
2015
2015
2015
